10 213 76
396 397 4
69 70 7
360 359 3
260 259 7
23 3 7
46 45 5
306 286 9
150 151 5
157 158 6
347 348 4
216 215 9
131 151 7
271 272 2
56 76 1
34 33 5
190 210 4
86 66 2
159 139 4
21 41 9
198 218 7
297 296 10
378 379 4
14 15 5
33 34 4
159 160 2
275 276 10
103 123 7
229 209 9
334 354 6
52 53 3
254 253 1
364 344 7
349 348 3
178 158 10
73 72 10
287 288 7
396 376 10
3 23 3
15 14 1
187 207 9
264 263 1
247 267 6
353 333 2
91 111 9
67 68 8
286 306 3
368 367 1
204 203 3
118 98 5
331 351 3
99 79 2
319 299 1
125 126 9
228 229 7
93 73 3
384 383 10
360 380 1
262 261 6
324 304 5
122 123 5
249 250 3
258 238 1
177 178 3
313 293 6
238 237 6
184 185 1
268 267 9
88 89 10
190 189 4
290 289 2
84 104 5
248 228 10
331 311 1
389 390 7
295 296 7
113 114 8
339 319 2
195 194 3
163 164 2
318 338 7
186 185 2
47 67 10
32 12 3
216 217 6
199 198 3
117 116 3
18 38 10
259 279 2
389 388 5
307 327 9
168 188 7
201 181 2
258 278 2
326 306 9
240 239 6
248 247 8
209 208 2
197 196 4
113 133 2
74 73 6
110 130 2
79 78 8
166 146 5
183 184 4
18 19 1
337 338 9
94 114 7
20 40 4
82 81 1
99 100 4
254 255 8
215 195 4
325 345 1
153 152 6
330 310 4
111 112 2
91 71 10
293 273 4
35 55 3
90 89 6
64 65 8
83 82 9
89 88 3
245 246 2
153 133 6
98 78 10
75 76 10
210 190 7
191 171 7
186 166 8
59 39 6
322 323 7
260 280 4
160 180 6
147 127 10
315 335 5
39 59 9
68 88 4
102 101 10
228 208 10
73 53 6
195 215 9
155 135 7
298 278 9
81 82 8
107 87 7
239 219 1
392 391 8
257 277 5
8 7 6
34 14 2
393 394 4
188 189 5
104 84 10
18 17 2
295 294 8
386 385 2
106 107 8
52 72 3
136 156 6
289 309 4
357 358 9
299 319 8
315 295 2
262 282 10
163 143 9
283 263 10
332 312 10
13 33 10
316 317 7
11 12 4
95 115 4
31 11 9
27 7 7
196 195 2
361 381 9
157 156 4
44 24 4
202 201 8
342 362 2
145 146 10
362 361 6
86 85 3
143 163 6
285 305 4
37 38 9
334 335 8
388 387 5
372 371 1
196 216 6
219 239 7
288 308 1
353 373 4
53 73 7
217 197 1
80 60 9
8 9 9
371 370 2
259 239 5
68 48 8
182 183 3
277 297 10
261 262 9
205 225 6
351 350 7
269 249 8
246 266 7
353 352 10
108 128 1
35 15 9
346 366 8
79 59 5
174 194 9
272 271 3
76 96 4
309 308 8
365 385 6
225 245 2
356 336 7
77 97 1
117 137 5
145 144 10
347 327 8
226 227 4
333 332 4
366 367 9
60 40 5
369 370 9
252 251 5
128 129 5
271 270 10
45 25 8
271 291 6
209 210 9
130 110 3
319 318 8
141 142 8
214 194 3
326 346 8
194 214 3
173 193 7
319 320 9
136 137 2
95 75 9
98 118 7
283 282 2
350 370 5
138 118 3
45 65 6
372 392 3
176 156 6
74 94 7
377 378 1
149 148 8
232 231 6
1 21 6
303 304 5
116 96 4
12 32 6
118 117 4
173 153 10
278 258 7
14 13 8
399 398 4
266 267 9
119 99 4
189 209 6
73 93 1
108 107 7
88 87 2
302 282 9
268 248 7
57 37 7
146 166 4
54 53 8
135 134 8
327 307 8
132 133 10
131 132 3
338 339 2
104 103 9
221 222 10
139 140 9
119 120 8
70 71 3
157 177 6
192 191 4
364 384 3
343 344 2
336 316 2
312 313 10
255 254 6
338 318 9
48 49 7
34 35 8
227 226 3
120 119 1
49 50 1
85 65 10
161 141 9
202 203 9
121 141 9
273 293 3
40 60 2
355 356 7
211 231 2
183 163 5
137 136 3
371 391 3
5 25 6
100 120 2
226 206 8
205 206 9
268 288 5
154 153 3
266 286 9
277 276 5
241 242 3
380 379 8
374 375 4
36 56 5
198 178 3
336 356 10
244 224 8
357 337 8
72 92 3
16 36 6
2 1 1
316 336 3
368 388 5
146 126 5
175 155 3
322 321 6
207 187 2
310 290 1
117 97 1
64 44 4
188 208 1
28 8 3
231 211 7
221 241 9
21 22 7
288 289 4
291 311 1
165 185 6
267 266 2
146 147 2
344 324 6
22 21 1
208 209 9
15 35 3
291 271 5
286 287 9
237 238 5
26 6 6
239 259 10
134 135 3
242 241 8
139 119 3
137 117 7
274 254 9
41 42 10
293 313 8
10 11 10
167 166 8
359 358 9
123 124 7
373 372 4
302 322 1
44 43 4
106 86 6
308 307 7
344 345 8
145 125 2
365 366 6
118 119 7
107 106 5
318 298 1
156 155 4
54 74 1
190 170 5
328 327 5
284 304 1
294 314 4
187 188 8
96 76 10
190 191 8
242 262 7
175 174 9
61 62 2
72 52 4
224 244 5
373 353 7
266 246 10
235 236 2
362 382 3
367 347 8
40 20 8
123 122 4
68 67 8
80 100 1
128 127 7
391 371 4
295 275 6
157 137 5
242 222 1
359 360 8
246 226 6
360 340 2
61 41 2
357 356 5
257 258 9
276 256 6
197 177 6
193 173 8
193 194 2
13 14 5
158 157 7
282 262 9
59 79 7
149 129 3
30 31 1
171 191 3
90 70 9
142 162 2
366 346 10
334 314 4
203 223 1
341 361 5
206 226 2
3 4 4
187 167 6
47 46 7
229 228 9
369 368 8
319 339 2
382 381 7
375 376 8
342 341 6
227 207 4
334 333 2
276 277 1
53 52 5
119 118 10
343 363 7
278 298 9
305 325 9
349 329 9
67 66 10
351 371 5
65 66 6
210 211 7
100 99 3
350 330 10
254 274 5
186 187 10
135 155 4
65 64 3
284 264 9
352 372 9
168 169 4
189 188 9
26 46 6
132 112 3
93 94 10
87 86 5
88 68 7
262 242 7
171 172 5
172 173 9
183 182 8
163 183 5
385 365 3
148 147 7
270 290 4
10 30 8
391 392 4
125 105 9
314 294 6
259 258 10
193 213 8
44 45 8
116 115 2
86 106 2
115 114 2
383 382 3
30 50 2
38 37 6
224 204 7
299 279 6
206 205 6
112 92 1
276 296 8
202 182 8
342 322 5
276 275 8
52 51 8
300 320 9
251 231 6
173 174 7
282 283 9
333 334 10
94 95 10
124 123 7
70 69 6
105 85 7
188 168 7
230 250 8
217 218 6
144 145 10
150 170 3
215 214 4
341 321 5
267 247 10
60 80 8
399 400 7
215 216 1
72 73 1
329 349 3
218 217 1
48 28 5
41 21 6
85 84 5
380 400 5
310 309 9
9 10 8
390 370 2
213 193 8
269 289 8
307 308 1
159 179 9
126 127 1
106 126 4
155 156 7
252 253 10
138 158 9
111 91 8
310 311 10
367 368 5
185 184 9
191 211 10
228 248 10
298 318 8
262 263 1
235 255 9
400 399 1
4 3 10
162 182 2
39 38 7
36 37 10
176 177 10
229 230 3
7 6 5
63 62 9
65 45 10
285 284 10
301 281 9
50 51 5
332 333 3
165 145 9
109 89 3
296 297 7
393 392 2
44 64 6
315 316 6
126 106 7
220 219 9
335 355 5
113 93 1
170 190 2
194 195 1
355 335 4
370 350 10
387 367 2
97 98 7
259 260 6
83 84 1
160 159 5
143 123 3
386 366 7
374 373 1
106 105 3
292 272 4
306 305 9
263 262 7
133 113 1
174 175 7
61 81 6
45 44 3
263 243 6
192 193 5
359 339 10
305 304 10
54 34 5
114 113 9
323 303 7
298 299 8
290 270 8
253 273 7
152 151 8
22 42 1
89 90 2
51 71 9
140 160 8
323 322 3
43 63 10
115 95 2
85 86 8
379 380 4
316 296 10
205 204 10
224 223 5
240 260 3
318 317 1
201 221 6
232 233 8
167 187 4
285 265 1
179 199 1
236 235 5
154 155 10
185 165 9
321 341 5
178 177 4
373 393 8
156 136 1
110 111 10
384 364 10
71 91 9
395 396 7
393 373 7
400 380 1
112 111 8
250 270 6
23 43 1
164 144 10
22 23 7
337 317 3
325 305 1
118 138 8
84 83 2
232 252 7
362 363 8
277 257 3
264 244 2
32 33 8
144 124 4
144 143 5
375 395 5
366 386 9
149 169 6
46 47 4
105 106 3
127 128 10
306 326 10
345 325 9
9 8 8
42 41 8
141 161 5
83 103 6
214 215 5
275 295 8
302 301 6
55 35 2
84 85 1
212 211 3
177 157 8
331 332 3
267 287 7
311 331 5
253 254 10
394 393 9
394 395 2
132 131 9
176 175 3
147 146 2
102 103 3
223 243 6
174 173 7
179 159 1
57 58 4
287 286 6
214 234 6
112 113 5
280 260 3
210 230 1
54 55 2
124 125 5
379 399 8
338 337 3
102 122 6
347 346 6
31 51 2
67 47 4
56 55 5
27 47 3
60 59 6
345 346 10
223 203 9
196 197 9
222 202 4
249 248 2
99 98 5
242 243 4
183 203 6
369 349 6
108 88 4
36 16 7
92 72 10
149 150 3
289 290 7
48 47 4
151 171 3
107 127 1
122 142 4
322 302 3
274 273 2
184 164 4
277 278 9
344 364 7
247 227 6
122 121 8
11 31 4
328 308 1
50 70 8
43 23 7
85 105 9
89 109 6
29 30 3
99 119 7
68 69 9
200 180 8
180 179 6
229 249 1
71 51 9
96 95 9
249 269 4
33 53 1
134 133 10
151 131 2
156 176 5
263 283 5
233 232 10
6 7 1
377 376 9
196 176 1
212 232 7
147 167 4
399 379 1
361 362 9
351 352 2
126 125 9
339 340 4
78 98 9
256 276 10
382 362 7
348 328 5
32 52 7
280 279 6
231 232 3
246 245 2
182 181 9
304 305 7
284 285 3
238 218 3
230 229 9
341 342 2
365 364 8
170 169 2
270 269 8
128 108 10
63 43 7
175 195 1
208 207 4
293 292 4
57 77 7
219 218 10
397 396 6
129 149 3
97 96 3
178 198 7
215 235 5
199 179 9
148 168 5
303 283 6
38 39 2
270 271 3
188 187 1
340 339 9
332 331 6
115 116 5
226 225 2
16 17 3
92 91 7
240 220 5
67 87 7
297 298 10
29 28 3
66 86 1
105 125 4
255 256 10
265 285 1
312 292 6
56 36 10
128 148 2
170 150 8
53 54 1
311 312 5
57 56 7
356 355 3
198 197 1
308 309 7
329 330 3
398 399 8
204 205 3
135 136 3
387 388 4
124 144 2
115 135 5
15 16 10
355 375 3
291 290 3
339 338 8
78 77 2
397 377 9
296 276 8
374 394 5
383 384 4
292 312 1
90 110 4
388 389 6
36 35 7
251 250 2
103 104 4
385 384 8
103 102 4
77 76 7
261 281 5
388 368 7
64 84 1
25 45 7
358 357 5
350 351 3
66 65 7
300 299 6
179 180 1
120 100 9
174 154 10
246 247 2
9 29 5
179 178 9
372 373 10
63 83 4
282 281 4
382 383 1
298 297 10
327 347 10
76 56 1
88 108 4
16 15 4
194 174 2
197 217 3
75 74 9
390 389 2
330 331 1
287 307 5
225 226 6
250 249 9
42 22 6
370 390 3
168 167 1
111 131 7
17 37 6
372 352 9
12 13 8
47 27 9
347 367 4
295 315 3
96 116 7
354 353 3
250 251 3
35 36 3
30 29 3
140 139 7
297 277 7
211 212 1
79 80 5
223 224 9
114 134 5
340 360 6
218 238 7
308 328 10
95 96 8
83 63 7
62 63 8
169 168 1
28 29 4
314 334 10
367 387 7
214 213 9
158 159 6
337 357 5
37 17 4
56 57 10
75 95 2
329 328 10
177 176 2
243 244 7
305 306 1
390 391 9
221 201 7
299 300 7
171 170 10
387 386 1
31 32 9
12 11 2
386 387 8
98 99 2
210 209 2
126 146 1
306 307 9
120 140 1
268 269 6
314 313 4
327 328 8
227 228 5
294 295 2
86 87 3
17 16 7
195 196 9
24 4 2
204 184 6
274 275 10
87 67 1
38 58 1
309 329 1
366 365 4
311 310 10
79 99 10
133 132 5
177 197 10
233 253 1
162 142 8
343 342 6
129 128 1
148 128 6
25 5 5
348 368 3
267 268 8
184 183 1
256 236 8
43 44 9
69 49 6
241 221 9
213 233 6
217 237 1
191 190 2
237 217 7
169 170 1
143 144 9
234 235 9
396 395 4
397 398 10
173 172 2
207 208 8
41 61 8
135 115 8
283 303 6
272 252 4
292 291 9
3 2 6
163 162 2
164 184 6
73 74 8
350 349 10
124 104 9
364 363 2
377 397 4
98 97 3
312 332 8
235 234 9
358 378 9
82 62 10
254 234 2
130 131 10
247 248 7
281 301 5
279 299 9
394 374 9
243 242 9
212 192 10
92 93 2
200 220 7
101 81 4
303 323 8
46 66 4
325 326 8
380 360 6
353 354 8
236 237 7
109 110 6
49 48 9
101 121 9
199 219 1
234 254 7
230 231 5
139 138 6
5 4 6
290 291 2
93 113 9
204 224 9
209 229 3
185 205 4
237 236 8
119 139 8
81 101 2
201 202 4
243 223 7
370 369 1
72 71 10
264 265 9
151 152 5
264 284 5
78 79 5
361 341 1
212 213 8
76 75 1
356 376 9
133 134 5
129 130 5
39 40 4
176 196 3
181 182 5
116 136 8
265 266 7
180 160 3
381 382 6
308 288 2
25 26 5
130 129 4
104 124 6
352 353 7
304 324 10
327 326 2
78 58 6
127 107 4
74 54 7
184 204 7
304 303 4
63 64 10
90 91 1
94 74 5
383 363 7
123 103 2
125 145 4
66 67 1
257 237 3
346 345 3
280 300 1
333 353 2
234 214 9
42 43 8
292 293 9
186 206 4
247 246 10
94 93 8