0 1 3924456639
0 5 1268156980
0 18 293858388
0 74 142402607
1 4 145988610
1 17 1410028655
1 29 930875085
1 60 1572073533
1 74 1063833091
2 15 1142814065
2 19 325441775
2 54 86448388
2 59 1351778653
2 68 1797686795
2 79 372306584
3 28 1182431274
3 31 435627423
3 32 543068498
3 52 277318074
3 61 1813022663
3 78 1024539420
3 97 379338038
4 0 866064022
4 15 192963333
4 68 1494337340
5 0 699822118
5 18 139166385
5 89 240800104
5 98 1703686062
6 39 1710141513
6 56 845355728
6 73 1542928062
7 46 1075800640
7 57 1160975390
7 76 1005306706
7 80 1935956793
8 42 982353290
8 49 224687534
8 59 1154235030
8 85 1362542493
8 91 1570880973
9 16 1557344977
9 43 1780605255
9 44 22702946
9 88 1071386892
10 3 1497291786
10 16 289720988
10 31 1481209108
10 52 995217567
11 22 626251734
11 34 482408346
11 41 1971475626
11 81 1884210074
12 34 306437320
12 35 1749433032
12 50 1252809373
12 62 1731562941
13 36 1729173810
13 48 1000417208
13 63 1298642931
13 99 108255457
14 13 1337249095
14 20 539382298
14 47 1396830962
14 63 606646084
15 2 363877172
15 4 1832867244
15 18 434430761
15 75 139849661
15 77 1003088883
16 9 1368451988
16 26 766338803
16 57 411668836
17 29 1890550808
17 60 1089950608
17 81 1656964456
18 0 359741112
18 4 33400327
18 5 1452178583
18 15 340958497
18 66 1137634995
19 2 1042250881
19 38 770199740
19 59 59063516
19 97 1602156449
20 14 115823318
20 25 792422787
20 33 869808499
20 66 16462352
20 92 1213657553
21 50 1697402520
21 79 1067693745
21 81 729874262
21 90 1933534354
22 41 595539391
22 47 736862260
22 87 817461865
23 94 652925382
23 96 429884442
24 23 1268021492
24 93 1261794808
25 5 1919911553
25 89 1693242587
25 92 289638070
25 98 198517257
26 9 41363394
26 10 1706498799
26 31 1562864555
26 88 1961865432
27 6 1579197211
27 84 1158571870
27 95 740075685
28 3 555702011
28 32 308752780
28 52 1377821121
28 56 482876455
28 65 1909649412
29 1 319389044
29 17 1432946902
29 21 869559940
29 68 799185200
30 23 1412699002
30 34 1364565115
30 64 1925818392
30 93 274859308
30 94 1237553594
31 10 1824626769
31 26 1051042132
31 38 1334563069
31 97 818345738
32 3 369973677
32 6 1170844944
32 28 1407194638
32 39 546746136
33 14 870295145
33 20 908411668
33 71 1079631637
33 86 1485541347
33 92 1710894541
34 30 995113792
34 50 432468386
34 64 323064859
34 81 1086303797
35 45 243085858
35 64 524562061
35 72 1522357747
36 13 1786094462
36 14 328029819
37 13 530816790
37 48 1108499379
38 26 1202198535
38 54 1863089711
38 79 1045380228
38 88 718359824
38 97 1736893577
39 3 79782239
39 8 429069192
39 32 998316347
39 42 1675394684
39 73 427277543
39 78 1968319643
40 28 250962648
40 65 723415046
40 76 1056470779
41 11 1956749517
41 22 1317454510
41 55 694508741
41 82 1065656619
41 87 44960340
42 8 1575635148
42 39 557466894
42 70 817132004
42 73 1811533736
42 85 619657238
43 9 646765689
43 45 17967425
43 72 622374836
43 88 1447899840
43 94 118425338
44 16 1034788542
44 23 806761434
44 43 1463807903
45 30 1393951131
45 35 1724416213
45 43 44295833
45 64 1030118812
45 72 1330801395
46 7 1401859249
46 56 1687146576
46 58 271342228
47 33 287716975
47 86 246749330
47 87 1624620176
48 13 1830300137
48 37 790719892
48 53 906859257
48 99 1128425128
49 8 1415436856
49 59 1047132512
49 75 1630316309
49 91 1340120376
50 12 1411502054
50 34 1878163385
50 62 1910072746
50 81 1812115949
50 90 1715406723
51 41 1455488659
51 47 201881103
51 86 652433463
52 10 489715870
52 28 952070944
52 57 1040248284
52 65 33677696
53 63 57588149
53 69 892089640
53 83 157931063
54 2 1199556660
54 19 1382823245
54 38 1141775889
55 51 1360659149
55 74 671962726
55 82 1776197556
55 86 1160426634
56 27 769671756
56 32 141911944
56 40 1035872011
56 76 355417883
56 84 439853937
57 10 1873299665
57 40 129550949
57 44 1450723369
57 52 788538961
57 76 481005842
57 80 502115503
58 7 1341043415
58 84 498427844
59 2 413110018
59 8 527642019
59 19 1239111744
59 39 1008365859
59 49 161218968
59 75 1114319358
59 78 887482308
60 1 764359746
60 17 707022192
60 82 1348560090
61 3 910150294
61 39 1690172816
62 12 477179553
62 50 1252864666
62 72 1991878284
62 90 234799545
63 20 1022321444
63 36 1363205068
63 48 1516379093
63 66 1653847688
63 91 1594977102
64 12 894188292
64 30 1225809198
64 35 532061938
64 45 356186760
65 28 1232837511
65 40 476963088
65 57 1531752455
66 63 1804843248
66 77 1119434870
66 98 1184451724
67 55 1586516922
67 86 1071913952
67 89 1083376681
68 1 339932015
68 2 39293233
68 15 506421715
68 79 1316532387
69 48 1013039639
69 53 1844798407
69 70 1036676452
70 42 1059618988
70 83 1767239773
70 85 355957176
70 95 379668663
70 99 970644233
71 25 142995409
71 33 613796326
71 86 1279589556
72 12 1348493276
72 43 819282627
72 45 1146483471
72 88 375746105
73 6 68349633
73 27 1424723619
73 39 1571837433
73 95 552874524
74 0 1596971262
74 5 917303804
74 67 1468433715
74 82 61036309
75 2 160564419
75 59 1795861479
75 77 1106142609
76 7 1136739186
76 46 1356337274
76 56 709589257
76 57 852731890
77 15 172897384
77 18 1168227631
77 49 924007519
77 63 237628723
78 3 1002403079
78 59 1996014333
78 61 793955261
78 97 1641222141
79 21 99011476
79 29 1435813268
79 38 347074668
79 54 887200483
79 68 252226573
79 90 1410925433
80 7 1592009858
80 58 1101084254
80 95 421651213
81 11 1901549000
81 21 619673089
81 29 570129770
81 50 912425597
81 60 894962093
81 82 1124855056
82 1 1487545744
82 11 1140381651
82 41 382146745
82 55 1192089428
82 81 102858882
83 8 1675671982
83 69 152543154
83 70 918454716
83 91 292223678
84 27 883191741
84 46 986406185
84 56 1126900509
84 80 1988361688
85 42 1079081279
85 70 1430994763
85 83 1633551890
86 33 1673509428
86 47 848539007
86 51 325066953
86 55 397711059
86 67 1991439231
86 89 417476581
87 22 1818005283
87 41 1628675196
87 51 1881674283
88 9 24893939
88 26 149113749
88 38 608399586
88 43 1827448890
88 62 176701034
88 79 320498534
89 25 1437434608
89 67 1123887402
89 71 774533922
89 74 1945518301
90 21 872832486
90 62 1764238685
90 79 1189341274
90 88 909322257
91 49 632556993
91 53 1889271460
91 77 594669696
91 83 1341328701
92 20 182251687
92 33 826429758
92 71 950257564
93 34 1184133163
93 96 27674080
94 30 75459104
94 44 193711170
94 45 1804798644
95 42 384299
95 73 226754371
95 84 396622923
96 24 9503216
96 30 932828186
97 3 1451543178
97 19 1225134968
97 31 1682291415
97 59 1740561719
97 78 1802940370
98 18 1366729501
98 20 1749098388
98 25 598571799
99 37 886300653
99 69 1331841419
24
1
27
79
4
70
44
51
81
43
68
82
54
60
37
15
96
89
55
99
